id,name,email,address,date_joined
1,Jon Ramirez,douglasmartin@example.org,"45062 Dean River Suite 912 South Angela, GU 02781",2020-06-15
2,Kyle Scott,judith55@example.net,"36236 Joshua Parks Brettchester, MH 40723",2021-04-29
3,Adam Campbell,michellebaker@example.net,"32584 Kimberly Station Apt. 744 Lake Jamesmouth, NE 53161",2020-03-25
4,Valerie Young,michaeljohnson@example.org,"92646 Turner Crossroad Chapmanport, PA 50959",2022-11-09
5,Julian Mata,nancy37@example.com,"70367 Lisa Corner Port Marchaven, NJ 85751",2020-09-26
6,Annette Baker,jill12@example.com,"34251 Dodson Tunnel South Michaelborough, FL 33346",2023-05-10
7,Julie Carter,jeremy34@example.org,"52666 Johnson Green West Christopher, OR 97635",2023-12-05
8,Michael Myers,tclark@example.net,"598 Kristin Camp New Reneeborough, MP 32252",2021-12-20
9,Carolyn Clark,freed@example.org,"53399 Davis Mountains Apt. 024 South Gabriel, HI 99927",2020-08-05
10,William Flores,michael29@example.org,"7265 Barnes Bridge Suite 041 New Rhonda, PA 59868",2022-05-21
11,Kevin Johnson,tracy04@example.net,"545 John Gateway South Jaimechester, MI 52748",2023-02-21
12,Justin Armstrong,simmonscolleen@example.com,"PSC 8852, Box 0744 APO AP 17273",2024-05-07
13,David Jones,smallpaul@example.org,"920 Douglas Forge Ronaldville, NE 33123",2024-02-25
14,Sean Pham,jenna43@example.net,"257 Kiara Fork Suite 697 Kingmouth, AK 92464",2023-08-04
15,Donald Herrera,comptonmichael@example.org,"4048 Jessica Shore Suite 321 Martinport, FL 35712",2020-11-11
16,Megan Murphy,escott@example.net,"70778 Joan Landing Suite 926 New Alejandra, GA 44551",2021-08-23
17,David Caldwell,tparks@example.net,"96357 Vanessa Isle Apt. 907 New Mary, NH 81820",2024-06-05
18,Frederick Boyd,maxwelljoyce@example.net,"963 Manuel Alley Michellebury, NH 20377",2024-08-25
19,Leah Oliver DDS,vickigarcia@example.com,USCGC Beck FPO AP 42768,2020-10-01
20,James Collins,vstone@example.net,"61340 Clark Mews Lake Jessicaside, IN 56518",2022-10-28
21,Felicia Hale,erica58@example.com,"14100 Smith Greens Suite 242 New Joan, MA 06977",2023-10-17
22,Deborah Lopez,castanedasergio@example.org,"999 Levi Coves Suite 891 New Julieview, FM 64642",2022-09-12
23,Phyllis Alvarez,williamwhite@example.org,"98252 Shannon Way New Colleen, SD 97520",2022-11-05
24,James Ellis,imckenzie@example.net,"22091 Richardson Tunnel East Rodney, MN 28158",2020-06-17
25,Daniel Santos,danielturner@example.org,"037 Shelly Union Suite 068 Gabrielshire, TX 51449",2022-12-13
26,Kristin Hart,eedwards@example.net,"1361 Garcia Lodge Suite 082 Port Patrick, RI 91830",2020-08-13
27,Richard Valdez,powellshannon@example.org,"26625 Thomas Trail Suite 026 Clintonburgh, MT 32446",2023-05-25
28,Mia Freeman,sheltonjonathan@example.net,"380 Amanda Tunnel Howardhaven, TN 97651",2021-11-12
29,Becky Robinson,robertsonrebecca@example.net,"471 Atkins Villages Suite 475 South John, ID 88467",2020-01-20
30,Brittany Thomas,fsalinas@example.net,"PSC 9102, Box 3909 APO AA 51811",2024-05-09
31,Richard Thompson,allenrivers@example.org,"380 Davis Radial Apt. 710 Owensland, ID 21690",2020-08-30
32,Elizabeth Nelson,jdavis@example.com,"2163 Wood Forest Apt. 151 Lake Edward, DC 93025",2021-12-31
33,Michael Rogers,robinsonpeter@example.org,"01717 Lee Pike Suite 282 Andersonshire, FL 66668",2021-07-28
34,Brian Palmer,joshua32@example.org,"52737 Eric Vista Suite 802 Kingstad, NE 64008",2024-02-01
35,Jessica Keller,michaelholmes@example.net,"04177 Matthew Corners Suite 597 West Emily, WV 93993",2023-02-27
36,Justin Osborne,carlwolfe@example.org,"187 Thomas Meadow Apt. 099 South Robertport, VI 66061",2023-12-09
37,Joseph Mclaughlin,aprilclark@example.net,USNV Hill FPO AP 44074,2024-01-05
38,Anthony Ramsey,lcole@example.com,"7616 Hall Ramp Haynesstad, CA 12327",2021-04-01
39,Corey Jones,patrick46@example.net,"1665 Jonathan Rest Smithside, TX 48335",2021-02-01
40,Ryan Fleming,xwarren@example.net,"PSC 0465, Box 8538 APO AP 75268",2024-07-15
41,Michelle Cervantes,zriley@example.com,"5536 Holloway Highway New Stephaniefurt, PW 98338",2024-06-03
42,Dana Snyder,kflynn@example.org,"PSC 8111, Box 5127 APO AP 41821",2024-02-05
43,Ashley Dunn,david23@example.org,USS Larsen FPO AP 58579,2020-03-08
44,Christopher Stanley,jameslong@example.com,"317 Moss Fall Suite 793 Longberg, HI 81293",2023-06-22
45,Cindy Wilson,richardsonkevin@example.com,"914 Johnson Motorway Powellland, GU 23273",2020-04-25
46,Mason Brown,mbryant@example.net,"293 Samantha Motorway Apt. 162 Lake James, WY 83067",2021-01-15
47,Leon Cabrera,hwood@example.com,"9732 Heather Spurs Suite 991 Port Scottberg, MI 60317",2021-03-08
48,Jordan Berry,alex39@example.com,"20882 Donaldson Path Apt. 473 Lake Carolfort, DE 44076",2023-12-14
49,Justin Thompson,tammy76@example.com,"04693 Valdez Forges Danielberg, TN 33935",2022-11-11
50,Alan Wolf,leejennifer@example.net,"86292 Robinson Park Apt. 506 Justinmouth, PA 03896",2023-06-25
51,Jermaine Schwartz,sedwards@example.net,"70774 Nancy Drive Apt. 608 Port Sharon, VT 58945",2024-02-17
52,Maria Crane,hardingteresa@example.com,"1208 Thomas Port Apt. 309 Port Melissahaven, IA 96011",2022-06-27
53,Jennifer Mcdaniel,carrjohn@example.org,"8116 Sheila Rapid Suite 682 Jasonbury, MD 62886",2023-05-09
54,Kristen Mitchell,michaelperez@example.net,"1542 Dixon Fall Suite 434 West Emilyshire, MD 28236",2023-07-13
55,Nicholas Vaughn,jonesruth@example.org,"626 Erica Green Robertstad, NV 42733",2021-02-06
56,Megan Bennett,cgomez@example.com,"4108 Tiffany Knoll Gonzaleschester, CA 56624",2024-02-07
57,Heather Vazquez,stevenhays@example.net,"812 Joyce Hill Apt. 624 Gibsonside, MI 98820",2021-02-18
58,Victoria Moore,nicholaskennedy@example.org,"921 Castillo Island Johnfort, AZ 53561",2024-02-04
59,Christopher Sanchez,qhernandez@example.org,"938 Jones Alley Apt. 533 Gregoryfort, AK 91862",2020-04-07
60,Teresa Hoffman,parkjack@example.net,"447 Zuniga Way Alvarezville, IA 43266",2022-02-28
61,Daniel Hansen,jonesmary@example.net,"005 Levine Shoals Apt. 676 New Michele, GA 32870",2021-08-20
62,Timothy Bennett,johnsonkathy@example.com,"76958 Lopez Point Suite 844 North Janet, MD 24364",2022-09-07
63,Nicholas Hall,mirandamartinez@example.net,"3221 Rich Light Apt. 630 North Triciaville, NJ 77761",2020-02-28
64,Robert Gray,tyler81@example.org,"0610 Tammy Mountain Suite 339 South Dawnhaven, LA 33454",2024-01-12
65,Kimberly Jimenez,jose27@example.net,"186 Neal Passage Apt. 143 Burnettberg, PR 21866",2020-06-20
66,Chad Grant,walkerjennifer@example.org,"9965 Sherman Manors Martinezfort, AK 27223",2023-02-13
67,Cory Jones MD,pfoster@example.net,"983 Donna Viaduct New Carrie, HI 01574",2023-07-17
68,Alfred Mays,webbtyler@example.net,Unit 0716 Box 2366 DPO AE 70168,2020-04-13
69,Sandra Lee,nguyenmegan@example.com,"76471 Chavez Cliffs Jamesland, WA 68465",2022-01-16
70,Andre Crawford,cookaaron@example.com,"5767 Melissa Gardens Haynesview, WV 80623",2021-12-29
71,Drew Thompson,bradley13@example.net,"44788 William Cape North Matthewfurt, MA 10203",2020-10-13
72,Stephanie Graham,masonshaun@example.org,"66791 David Ridge Apt. 231 North Scottfurt, LA 09996",2023-02-07
73,Derek Benson,sara24@example.net,"532 Kathleen Orchard Vargashaven, IA 54216",2021-11-01
74,Stephanie Hernandez,danielshields@example.net,"9681 Lawrence Fort Apt. 164 Eatonton, LA 99110",2020-09-02
75,William Henry,phardy@example.org,"0632 Meghan Plaza North Courtneyport, OH 42434",2022-05-28
76,Patricia Moody,angelawilliams@example.com,"43964 Jacobs Wells Apt. 681 Lopezfurt, UT 87213",2023-01-17
77,Curtis Castillo,reedjaclyn@example.com,USNS Greene FPO AA 89666,2020-03-27
78,William King,vgalvan@example.com,"940 April Place New Jayberg, DC 02114",2023-06-11
79,Tara Moore,christine00@example.org,"278 Brenda Squares East Jessicamouth, NM 86627",2024-05-12
80,Ashley Savage,humphreyjessica@example.org,"1709 Nancy Knoll Harrisburgh, SD 30361",2023-12-30
81,Amanda Smith,mayertracy@example.com,"38507 Jacob Loaf Apt. 159 Donaldbury, MT 08366",2022-05-09
82,Ellen Anderson,boylekellie@example.net,Unit 5399 Box 8624 DPO AE 19680,2021-05-08
83,Joseph Green,hillclaudia@example.org,"04866 James Rapid West Jean, MP 21840",2021-10-22
84,Michael Russell,megan19@example.net,"97701 Cody Port Apt. 171 Lake Stevenview, VI 94246",2023-10-16
85,Amber Rivera,jdiaz@example.net,"661 Megan Inlet Ryanstad, MD 56992",2020-03-07
86,Manuel Torres,oroberts@example.org,"5894 Raymond Road Apt. 983 Erikamouth, MA 16452",2023-04-02
87,Stacy Lambert,patrick68@example.net,"166 Mcguire Lakes Port Laurenbury, NE 09330",2020-08-19
88,Miguel Cummings,jsimpson@example.org,"970 Chan Pines Suite 068 Jenniferfort, GA 20620",2020-12-14
89,Joseph Hunter,jenningsjoshua@example.org,"392 Nancy Rapid Suite 947 New Robertburgh, NH 43017",2024-03-14
90,William Graham,allison60@example.com,"4439 Trevor Hill Lake James, NJ 85947",2023-07-27
91,Christine Mcmillan,oweiss@example.org,"2198 Campbell Avenue Deborahland, IN 73663",2020-12-27
92,Joshua Solomon,pjohnson@example.com,USS Torres FPO AE 75546,2023-07-26
93,Christopher Richardson,brandonbautista@example.org,"2699 Edwards Trail Maureenmouth, PA 52149",2024-09-18
94,Adam Craig,hzimmerman@example.com,"5633 Smith Curve Apt. 473 Lawrencechester, PR 24799",2020-05-16
95,Melanie Hoffman,lawrencemoore@example.com,"51888 Amy Ferry Suite 130 Floydstad, IA 51309",2020-05-25
96,Erik Williams,kerrchristopher@example.com,"5893 Shirley Inlet Apt. 571 Courtneyfurt, GA 35133",2022-06-14
97,Michelle Perry,hharris@example.org,"9802 Sara Mission South Erin, CT 17572",2020-12-20
98,Jennifer Davidson,rebeccasanchez@example.net,"17777 Sheena Row South Gailmouth, CO 12407",2023-07-25
99,Jesus Anderson,robert11@example.net,"70307 Wagner Common Martinton, NV 92441",2022-04-07
100,Dawn Marks,samuelcollier@example.net,"73774 Gray Glen Suite 545 Whitneychester, PR 14301",2022-12-10
101,Jeremiah Watson,ecortez@example.com,"99483 Harrison Ports Apt. 857 Taylorhaven, WV 09646",2020-08-25
102,Joseph Hernandez,ryanmyers@example.com,"135 Crystal Harbors Lake Robertland, MS 63027",2023-12-24
103,Raymond Robertson,ashley16@example.org,USNV Richards FPO AP 36534,2024-06-06
104,Pamela Berry,swoodard@example.org,"7281 Michael Mission South Thomasside, NC 60384",2022-04-25
105,Emily Jones,davidhamilton@example.com,"0828 Guerra Skyway Suite 368 Youngchester, GA 82665",2021-08-12
106,Kim Miranda,dholmes@example.net,"345 Wendy Plains Apt. 463 Dakotaport, OK 04514",2021-09-03
107,Sabrina Oneal,steven10@example.net,"7904 Daniel Summit West Robert, CO 02559",2020-12-01
108,Andres Alexander,deborahlopez@example.org,"7249 Michael Squares Apt. 914 North Tyler, WI 71409",2021-10-12
109,Scott Mathis,dwood@example.com,"543 Clark Avenue Port Jasmine, AZ 93144",2021-10-03
110,Emily Christian,eric89@example.net,"95171 Shelia Overpass Suite 431 Floresview, NY 67672",2023-12-25
111,Mr. Bradley Callahan,cunninghamamber@example.com,"03508 Martinez Field West Josestad, MN 25585",2020-02-11
112,Rickey Fischer,steven95@example.net,"3624 Melissa Turnpike Port Kevinborough, AR 81410",2022-02-17
113,Brianna Wade,shermanmarcia@example.org,"7692 Graham Corners Jimenezfurt, TN 42427",2023-11-07
114,Cindy Banks,erica30@example.org,"713 Anthony Prairie Port Luis, NC 50086",2022-08-15
115,Christine Kelly,stephanie32@example.org,"8749 Mark Port Suite 494 Lake Courtneymouth, MO 91227",2020-12-12
116,Theodore Young,lisacarrillo@example.com,"206 Myers Isle Apt. 544 West Kaylee, AK 87782",2023-01-19
117,Robert Ward,morganjessica@example.net,"504 Wood Garden Suite 303 Travisstad, IA 10866",2021-10-17
118,Alexis Nielsen,erin28@example.com,"PSC 3683, Box 7996 APO AP 31926",2020-09-04
119,Jacob Mccarty,peter90@example.net,Unit 6935 Box 6910 DPO AP 36180,2020-05-05
120,Amanda Rodriguez,erica75@example.com,"1517 Greg Meadows Brandyborough, NC 78492",2020-12-31
121,Katie Young,michellemeadows@example.net,"502 Martin Estates Suite 860 Vangton, NV 78366",2023-06-22
122,Kathryn Smith,jamie45@example.com,"559 Dominguez Mission Suite 696 Vincentmouth, NY 14335",2022-03-09
123,Leslie Garza,edward09@example.org,"43533 Bennett Pike Ortizstad, WY 10584",2020-01-23
124,Vanessa Cummings,paul72@example.org,"7021 Williams Parkways Apt. 438 Hancockmouth, IA 25774",2020-10-08
125,Kevin Mendoza,david76@example.net,"PSC 1143, Box 2930 APO AE 26016",2024-07-05
126,Matthew Russo,travisgeorge@example.com,"6707 Michael Parkways Apt. 012 Paulshire, CT 13584",2021-12-27
127,Marc Gonzalez,sara78@example.net,"0166 Elizabeth Wells West Emilyton, DE 06917",2023-03-14
128,Maria Sullivan,greenemichele@example.net,"266 Alvarez Crest Suite 642 Sandrabury, MT 80856",2020-04-04
129,Michael Phillips,wilsonjill@example.org,"1408 Zachary Crossroad Suite 512 North Stephanieberg, OH 58336",2024-03-19
130,Adam Stevenson,walkerstephen@example.com,"92533 Erica Spurs Lake Kimberlyhaven, ND 29981",2020-07-10
131,Steven Owens,lindawalton@example.com,"515 Amanda Ways Philiphaven, AS 68790",2020-05-19
132,Dennis Mcdonald,zsanchez@example.net,"362 Angela Fields Apt. 721 Suzanneborough, AS 64947",2020-02-11
133,Shaun Kelly,billyevans@example.org,"454 Gregory Skyway South Lukeville, VT 89309",2021-05-13
134,Joshua Wood MD,burnstammy@example.org,"854 Anne Orchard Michaelmouth, GA 54850",2021-04-19
135,Jose Schroeder,kristi40@example.org,"5125 Hayes Knoll Suite 893 New Louis, VT 92380",2023-04-19
136,Erin Nolan,ymcclure@example.com,"48120 Walton Lights Suite 128 Turnerbury, IN 00530",2023-06-16
137,Jose Mercer,tayloredward@example.org,"26458 Moran Path Lake Timothy, IA 94882",2020-05-13
138,Briana Singleton,johnny54@example.net,"207 Madison Pines Suite 074 East Alejandroport, NV 86986",2020-03-04
139,Carlos Summers,desiree13@example.com,"05602 Robert Causeway Hubbardbury, GA 83303",2023-05-10
140,Devin Bell,becky33@example.com,"16836 Michael Land Victoriamouth, TN 10903",2023-03-06
141,Richard Cain,mfisher@example.net,"90733 Selena Isle Apt. 447 Stephanieborough, SD 40754",2023-02-28
142,Maria Harrell,cherylwall@example.com,"43595 Amy Mews Suite 815 Nathanton, VI 46799",2021-12-19
143,Elizabeth Price,chelsea17@example.org,"67159 Misty Camp Christianchester, PR 44052",2023-05-08
144,Jennifer Garrison,phillip46@example.org,"PSC 1421, Box 0294 APO AP 67393",2021-06-27
145,Bradley Castaneda,dustin43@example.net,"7298 Fisher Ford South Natalie, AR 19184",2024-09-19
146,Aaron Mullins,meganlandry@example.com,"616 Kathryn Camp Suite 820 East Elizabeth, ME 51641",2023-03-28
147,Christopher Stevenson,sanchezamanda@example.com,"87852 Jane Fork Apt. 854 East Elizabethview, SD 38793",2024-04-09
148,David Green,leeconnie@example.com,"9158 Murphy Inlet Brandtville, OK 36088",2021-08-01
149,Erika Baxter,hlawrence@example.net,"265 Mason Ramp Suite 182 Peterland, FL 11625",2024-07-08
150,Clayton Hall,andrew28@example.com,"4893 Hughes Cape Apt. 585 Flowersborough, NY 69024",2022-10-15
151,Dr. Emily Williams,stephaniehenderson@example.org,"8000 Breanna Flat Crystalmouth, DE 66136",2020-08-18
152,Jasmin Guzman,petersonlauren@example.net,"96007 Edgar Villages New Donchester, NE 50218",2021-09-27
153,Paul Murray,clarkfrank@example.com,"75014 Moore Ford West Rachel, FM 47983",2022-03-30
154,Michael Williams,leblancjared@example.net,"079 Dean Alley Rhondaton, WA 62694",2021-05-12
155,Lisa Meadows,angela88@example.com,Unit 5864 Box 7101 DPO AP 39060,2024-08-27
156,Curtis Jefferson,angela57@example.net,"99512 Serrano Bridge Farleyburgh, PR 75282",2023-06-02
157,Joseph Stout Jr.,edgarosborn@example.com,"31945 Taylor Springs North Melanie, IN 85124",2022-02-17
158,Robert Dillon,garciaisaac@example.org,"860 Richardson Crest Heatherstad, MS 62557",2020-02-22
159,Margaret Roth,dominguezbrandon@example.com,"6045 Garcia Squares Apt. 648 North Christinamouth, VI 83615",2023-07-22
160,Kristin Pruitt,laurenmitchell@example.org,"234 Mills Glens Apt. 743 Port Steve, MO 27014",2022-11-27
161,Brandon Wright,scottpeterson@example.net,"9002 Derek Prairie Suite 072 Tuckerstad, FM 31882",2022-12-13
162,Timothy Mayer,stevensvictoria@example.org,"54880 Mary Junction Apt. 375 Hayesside, VA 81608",2022-12-01
163,Yvonne Mckenzie,kathysmith@example.net,"997 Barnes Forks Apt. 666 West Natalietown, RI 08681",2023-06-29
164,Darrell Gould,janice37@example.com,"8978 Mary Knolls Apt. 248 Thomasview, NM 34176",2024-10-05
165,Michael Garcia,amy67@example.org,"6217 Paul Bridge Apt. 411 Shepardmouth, IL 57587",2021-08-13
166,Ryan Brown,mosswillie@example.org,"112 Wood Falls Suite 344 New Christopher, DC 88005",2022-11-06
167,Joshua Hubbard,bakersara@example.org,"452 Andersen Circle New Stacey, TN 04803",2020-08-18
168,Mark Freeman,nmcgrath@example.net,"843 Smith Coves Davidhaven, NE 35551",2024-09-20
169,Sherri Carlson,heatherrich@example.com,"2598 Tara Manor Apt. 771 South Barry, HI 49270",2020-11-17
170,Rebecca Moran,robert73@example.net,"744 Justin Fields Apt. 120 New Amberbury, AS 93914",2022-07-23
171,Andrea Brennan,vaughnlauren@example.com,"2253 Blackburn Drives Lake Troyland, ND 16572",2022-10-22
172,Daniel Thompson,rburgess@example.org,Unit 0644 Box 2616 DPO AA 91618,2020-07-16
173,Cindy Williams,ulee@example.org,USS Torres FPO AE 28658,2024-07-03
174,Joseph Harrell,joshuaelliott@example.net,"59807 Joanna Gardens New Katherine, AR 15293",2021-05-16
175,Omar Robinson,gillpatricia@example.net,"4620 Boyd Park Apt. 721 Bryanberg, FL 62540",2023-02-22
176,Katherine Harper,kristen78@example.net,"233 David Mews Suite 055 Lake Miguelton, MP 37247",2022-08-13
177,Kelli Schaefer,ndelgado@example.com,"905 Brown Streets Apt. 839 West Rachel, OR 22202",2021-05-01
178,Tanner Smith,davidproctor@example.com,"10101 Johnson Ford East Laura, AR 01548",2022-12-16
179,Justin Woods,sherry14@example.net,"160 Hodges Way Farleymouth, OH 50133",2021-06-29
180,Mr. Michael Webb,todd97@example.org,"12403 Jasmine Field Apt. 207 North Anthony, HI 46744",2022-06-17
181,Stacey Ford,michael34@example.org,"388 Rios Extension Michelleburgh, NE 83409",2022-04-08
182,Laura Escobar,paynemary@example.org,"33734 Carroll Estates Apt. 792 Kaisermouth, VA 10205",2020-03-05
183,James Walker,jason55@example.net,"502 Garrett Park Apt. 823 Williamsonborough, AK 08091",2022-04-23
184,Bradley Walker,woodjohn@example.com,"9697 Wells Roads Apt. 475 Robinbury, OH 27928",2023-12-22
185,Peter Saunders,martintimothy@example.net,"7228 Ellis Bridge Callahanview, MT 16148",2023-08-20
186,Logan Young,monica81@example.net,"9854 Scott Plaza Port Stephaniefort, WI 82449",2024-02-04
187,Nicholas Cook,lambhaley@example.com,"54488 Adriana Pine Suite 152 East Amanda, AK 13880",2022-05-05
188,Adam Vaughan,christopher67@example.org,"7764 Figueroa Mountains South Nicole, AK 66697",2021-10-15
189,Donna Bartlett,jonescarol@example.com,"4782 Katherine Row Apt. 877 New Danielville, FM 38139",2022-08-02
190,Julie Manning,ashley53@example.org,"99113 Wright Ranch Apt. 470 Escobarchester, OR 82183",2020-01-22
191,Joseph Rasmussen,russellgreen@example.net,"36031 Thomas Motorway Valeriefort, WY 43648",2023-12-27
192,Zachary Copeland,brandonowens@example.net,"587 Rebecca Centers Suite 044 West Travis, MT 46529",2023-03-12
193,John Anderson,juannunez@example.net,"171 Kathryn Drive Robertsmouth, ID 36646",2023-06-09
194,Theresa Edwards,laura86@example.net,"85038 Todd Crossing Suite 382 Gonzalezside, OR 86337",2023-08-04
195,Ashley Zuniga DDS,urojas@example.org,"1870 Campbell Crescent Suite 049 South Brian, NE 37768",2024-08-16
196,Vincent Williams,rlarson@example.com,"58862 Audrey Tunnel Weberfurt, KY 31930",2020-11-21
197,Heather Kim,qhubbard@example.org,"49872 Bailey Stravenue Apt. 560 South Jeffrey, FL 62312",2021-01-31
198,Yolanda Martin,melissajohnson@example.org,"13220 Tara Plaza North Lynn, AR 39425",2020-04-03
199,Kyle Nichols,jonesraven@example.org,"7089 Frye Skyway Apt. 133 Hinestown, MI 31902",2024-09-11
200,Laura Black,seanolson@example.org,"37297 Chapman Circle North Johnfurt, WV 02382",2023-03-10
201,Emily Freeman,egonzalez@example.net,"329 Michael Ridges Brewerview, OK 76400",2021-07-14
202,Jason Wilson,lauren92@example.net,"63334 Davis Mountain Apt. 126 Johnland, MD 29460",2020-12-01
203,Patrick Lopez,christina66@example.net,"01044 Mary Overpass Apt. 378 West Christopherville, GA 05261",2024-08-25
204,Debbie Morgan,ljackson@example.net,"PSC 1069, Box 9677 APO AP 16456",2024-08-06
205,Robert Day,daviskathy@example.net,"11022 Dawn Burgs Apt. 523 South Ricardo, AK 76535",2023-07-04
206,Christian Wilson,joshua86@example.org,"288 Reese Creek Suite 362 Jessicafurt, TN 22849",2023-12-06
207,Sandra Ramirez,bradleysullivan@example.net,"955 Robert Burg West Anthonyville, SD 28633",2020-06-13
208,Austin Robinson,fbender@example.org,"2855 Melissa Stream Suite 314 West Jonathanfort, AS 85266",2022-10-15
209,Kristen York,qvega@example.com,"46370 Michael Stream Bensonmouth, WV 11602",2020-06-06
210,Brandon Hinton,joyce62@example.net,"081 Harold Roads Apt. 982 Pagebury, AL 59746",2023-07-20
211,Nicole Reed,paulasharp@example.org,"38322 Romero Walks Suite 019 Lake Elaine, MH 52090",2023-01-02
212,Kathy Harrison,butlerjacob@example.org,"9366 Gentry Hills Suite 946 West Alyssa, NV 61451",2024-03-26
213,Rachel Green,ojohnson@example.com,"9108 Rose Freeway Greenshire, PA 44110",2023-10-27
214,Kevin Fields,hortonmatthew@example.net,"9509 Caitlin Lock Suite 963 Lake Tiffanyton, TN 75445",2024-03-21
215,Amanda Gonzalez,coxrandall@example.org,"4676 David Greens East Danielland, MA 78686",2024-06-02
216,Lucas Gardner,james19@example.net,"686 Johnny Trail East Billy, OR 81769",2024-06-24
217,Connor Young,aaron86@example.com,Unit 0279 Box 5364 DPO AA 24292,2022-09-05
218,Charles Hughes,uparker@example.net,"70111 Robinson Falls Apt. 385 Scottborough, VI 04606",2022-08-13
219,Ronald Murphy,stevenharrison@example.org,"545 Brandon Flats South Alicia, GU 13211",2024-03-18
220,Cynthia Larson,kferrell@example.org,"87848 Jason Plains Sweeneyport, MO 82058",2020-09-05
221,Teresa Martin,ukane@example.org,"5852 Jonathan Mission Apt. 965 Port Courtneychester, LA 53955",2020-09-30
222,Kevin Wagner,lewisbenjamin@example.com,"20389 Tate Turnpike Apt. 579 South Kathleenberg, HI 65310",2024-01-26
223,Frank Johnson,bushmichael@example.com,"30695 Amber Green Suite 893 North Christopher, CO 89648",2021-07-01
224,David Thomas,davidhernandez@example.com,USNS Rogers FPO AA 50833,2021-08-11
225,Michael Reynolds,brittanyedwards@example.org,"08901 Martinez Streets Apt. 553 East Tommymouth, TX 67583",2023-05-04
226,Keith Hernandez,susanwalsh@example.org,"03012 Young Pike Suite 200 Port Bryantown, PW 76931",2022-02-10
227,Dakota Olson,masonalexandria@example.net,"5012 Christopher Falls Apt. 084 Thomasberg, MS 99246",2023-09-23
228,Kristin Rodriguez,john22@example.net,Unit 5082 Box 8785 DPO AA 49003,2021-05-15
229,Alan Gibson,vegaandrew@example.com,"1605 Perry Lights Suite 173 New Robertchester, CA 87337",2020-10-29
230,Patricia Miller,tim82@example.org,"1115 Boone Forks Suite 781 Andreamouth, OK 31684",2020-04-02
231,Lisa Patton,roy56@example.org,"8004 Anderson Pines Davidborough, OR 67897",2021-01-30
232,Dawn Boone,rhodesaustin@example.com,"223 Robert Brook Forbesside, NE 34696",2022-08-17
233,Jerry Harris,justinbates@example.com,"70819 Smith Trail Zacharystad, OR 39953",2022-07-04
234,Julie Clarke,kimberly72@example.com,"03126 May Meadow Suite 261 Port Paulborough, AK 32607",2020-12-17
235,Cathy Castillo DDS,bwilliams@example.org,"630 Susan Tunnel North Robertport, VT 79120",2022-05-02
236,David Molina,gmorse@example.com,"7679 Bird Forge Williamborough, NM 16046",2024-07-11
237,Tracie Ward,pallen@example.org,"PSC 2043, Box 5097 APO AE 88945",2024-06-27
238,Kathryn Schmidt,hramirez@example.org,"081 Cain Lane Suite 660 Jamesburgh, FM 32609",2023-07-24
239,Charles Wallace,kthompson@example.com,"PSC 2601, Box 8823 APO AA 80108",2024-09-17
240,Dr. Amber Lane,williambrown@example.net,"80780 Gary Villages Apt. 847 Garrisonmouth, TX 85510",2024-08-31
241,Brian Soto,lisa16@example.org,"458 Knight Burgs Suite 476 East Heatherfurt, OK 72078",2021-04-15
242,Brian Smith,stuartmichael@example.com,"43724 Daniels Field Apt. 450 Wilsonstad, RI 07068",2024-03-30
243,Sheri Parks,daniel36@example.com,"2164 Melissa Spur Laneburgh, AK 25503",2020-06-12
244,Jennifer Fitzgerald,kevinsmith@example.org,"5297 Fowler Extensions Apt. 199 Geraldmouth, TX 85258",2020-11-12
245,Steven Ferguson DDS,anthonymoore@example.org,USNV Walters FPO AP 75514,2023-11-05
246,Judith Wallace,iyoung@example.net,"0314 Sarah Crossing South Joborough, MO 19849",2020-01-16
247,Matthew Fox,jenkinstimothy@example.com,Unit 2523 Box 1248 DPO AP 23484,2021-09-15
248,Steven Gonzalez,christophergraham@example.com,"85689 Janet Flats North Tiffanytown, GA 24638",2021-02-26
249,Katelyn Davis,debbiebartlett@example.net,"446 Christine Village East Lisa, KY 44829",2023-12-18
250,Nicole Blevins,lisa57@example.net,"540 Sarah Ranch Suite 782 Port Andreaberg, IN 82260",2021-02-05
251,Kelly Todd,courtney11@example.com,Unit 5472 Box 9593 DPO AP 77557,2020-07-12
252,Anna Miller,granttonya@example.org,"898 Michelle Mews Apt. 428 Sarahhaven, AZ 46648",2023-09-17
253,Edward Carlson,llopez@example.org,"427 Glenda Loop North Shawnahaven, CO 45993",2023-11-23
254,Kristen Alexander,jerry45@example.net,"789 Wong Gardens Dawnborough, MO 86915",2020-09-12
255,Nicholas Gilbert,reyesmichelle@example.net,"47969 Rodriguez Lane Apt. 555 Hughesland, GU 13064",2020-12-28
256,Crystal Gill,kenneth28@example.net,"6123 Crystal Locks Ballport, VA 79860",2023-06-19
257,David Nolan,erinmedina@example.org,"88154 Hanna Drive South Elizabeth, KS 54931",2022-09-06
258,Robin Hicks,cmitchell@example.net,"902 Contreras Forks Suite 747 Hensonbury, AK 12546",2023-07-20
259,John Cunningham,william57@example.org,"0878 Anthony Green Suite 922 East Cynthia, LA 46323",2020-09-09
260,Joseph Mcbride,crogers@example.com,"1182 Collins View Apt. 309 Amandashire, NV 69002",2020-05-15
261,Christopher Curtis,amcdonald@example.net,"807 Brenda Ports South Scottton, NH 25261",2022-04-02
262,Deborah Farmer,tgomez@example.com,"004 Conley Extension Suite 629 West Mary, AR 89208",2021-09-04
263,Michael White,pross@example.org,"0488 Andrew Estates Apt. 636 Cassandraside, AS 95825",2024-06-11
264,Jeremy Reed,wayneshaw@example.com,"4445 Robertson Loop Garciafurt, NE 23029",2023-02-22
265,Dennis Morrison,matthewgraham@example.com,"6151 Helen Ranch Ashleymouth, FL 83880",2024-04-16
266,Robert Coleman,fflores@example.net,"8952 Heather Ford Lake Ashleybury, DE 34598",2023-10-16
267,Trevor Rhodes,wdavidson@example.org,"90643 Scott Greens Suite 053 Jenningschester, MS 08764",2021-09-25
268,Michael Fry,mark39@example.org,"32585 Peterson Centers South Candaceberg, MP 40066",2023-11-26
269,Eric Parker,maxwelljoyce@example.org,"71033 Hughes Knoll Suite 180 Halechester, WA 49697",2021-10-04
270,Megan Hernandez,ojones@example.net,"775 Hall Plaza Suite 696 Elizabethburgh, MH 73508",2023-05-17
271,Jessica Brown,rvelasquez@example.net,"1221 William Mall Apt. 216 West Ricardoberg, NH 63371",2020-09-14
272,James Mitchell,kmcpherson@example.com,"781 Diane Pike Apt. 200 Port Tashaville, AR 43500",2022-05-13
273,Sheri Gonzalez,lori33@example.org,"9562 Amy Station North James, SD 32958",2022-07-30
274,Victoria Lewis,wholmes@example.net,"3680 Wells Plains Apt. 098 West Mckenzie, MN 74107",2020-09-17
275,Jennifer Jenkins,patrick80@example.net,"618 Haley Forges Apt. 519 South Sheryl, LA 02600",2023-09-03
276,Savannah Ramirez,briggsjessica@example.com,"4869 Brandon Mountains Colechester, MS 85967",2021-05-08
277,Jonathon Gonzalez,vbradford@example.org,"47627 David Road Larryland, NC 05498",2024-01-16
278,Samantha Ryan,donaldsonmichele@example.com,"73851 Caitlin Alley Destinyport, WA 54663",2022-05-30
279,Miranda Hill,anthonymiller@example.com,"3088 Barrera Villages Suite 552 North Joseph, OR 12079",2023-11-30
280,Marc Simmons,nchristian@example.net,"15643 Wright Falls Sheltonville, ME 29751",2021-03-22
281,Pamela White,yvonnewheeler@example.org,"4888 Nicole Vista East Sara, OK 33086",2024-07-30
282,Sharon Arroyo,bturner@example.org,"0101 Dunn Drives East Lindahaven, MI 44978",2022-01-24
283,Thomas Johnson,igray@example.com,"86168 Davis Divide Justintown, RI 50388",2020-09-22
284,Julia Coleman,patriciaholland@example.net,"329 David Turnpike Suite 590 New Henry, MP 99056",2020-06-21
285,Latoya Gregory,trancrystal@example.net,"893 Wyatt Prairie Apt. 954 Robertmouth, AS 05707",2023-05-22
286,Diana Robertson,bmontgomery@example.com,"89977 Parker Creek Townsendhaven, RI 62621",2022-03-17
287,Gregory Williams,christopherrivera@example.org,"18102 Nelson Alley Suite 046 Dylanville, CO 17535",2023-08-04
288,Jeffrey Snyder,christiantasha@example.com,"793 Estrada Corners East Adammouth, WA 81102",2021-06-21
289,Kevin Torres,michael46@example.net,"901 Patty Point Suite 813 Campbellmouth, ND 58367",2022-11-25
290,Mark Watson,qsharp@example.org,"05260 Scott Path Apt. 752 Sotoberg, ME 46360",2024-06-18
291,Charles King,robertlewis@example.org,"35331 Hensley Corners New Nicoleland, KY 68819",2020-11-30
292,Paul Jackson,avilarobert@example.com,"58462 Jenkins Street Apt. 417 Burkeside, OK 42390",2020-09-19
293,Marilyn Smith,carlsonrebekah@example.org,"811 Anna Dam Apt. 497 Fishershire, PW 01721",2020-04-16
294,Holly Morales,byrdlinda@example.org,"PSC 4713, Box 5326 APO AP 15928",2023-09-14
295,Tyler Shelton,juanmay@example.net,USNV Jones FPO AA 66279,2022-04-25
296,Robert Tucker,jamessusan@example.net,"759 Ronald Key Suite 816 Corymouth, NC 47147",2024-08-17
297,Stacey Liu,pgarcia@example.net,"928 Brianna Unions Apt. 941 Victortown, NH 47411",2023-10-09
298,Kimberly Key,iallen@example.org,"7521 Zimmerman Ville Apt. 144 Williamsfurt, VT 45448",2021-10-10
299,Jennifer Taylor,simonbrian@example.net,"77434 Lisa Mountain North Donnabury, KY 60744",2022-04-08
300,Jennifer Jones,davisshannon@example.org,"9145 Carlson Ford Suite 948 North Martin, NH 84510",2023-04-20
301,Briana Pierce,qharrison@example.com,"253 Stewart Island Apt. 714 Wellschester, NH 60475",2022-04-05
302,Jacob Ortiz,dylan59@example.org,"707 Henderson Run North Jasonside, MP 14244",2020-08-01
303,Monica Miller,patricia74@example.org,"3213 Hannah Mount West Bridget, WA 40899",2023-06-26
304,Victoria Harding,xpatterson@example.com,"05115 Chelsea Common South Caroline, CO 82403",2020-12-21
305,Breanna Mendez,kschwartz@example.com,"3112 Bryant Spring Apt. 495 Port Kellymouth, ME 86162",2022-05-08
306,Ronald Myers,shahstephen@example.net,"PSC 4941, Box 0754 APO AP 03525",2023-07-15
307,Patricia Brooks,millermatthew@example.net,"459 Curtis Hills Suite 550 West Shannonstad, GU 38886",2023-04-18
308,Christopher Shah,justinrichards@example.com,"499 Anthony Keys South Wendy, GU 97106",2023-03-21
309,Catherine Schwartz,pdixon@example.org,"9673 Odom Lights Apt. 568 East Kimberly, UT 22074",2021-10-23
310,Stephanie Armstrong,heidigreene@example.net,Unit 9559 Box 5218 DPO AP 16901,2024-01-21
311,Aaron Carr,cperez@example.com,"53574 Michael Curve Chavezmouth, CT 42925",2022-02-18
312,Anthony Wheeler,laura82@example.com,"09855 Bishop Estate Apt. 288 Jasonfurt, MI 81175",2023-04-15
313,Kelsey Lee PhD,rhondarivera@example.com,"2173 Michael Groves Suite 572 West Steven, WA 66894",2024-05-31
314,Daniel Bowen,deanna99@example.net,"3210 Dominique Courts New Davidbury, ND 67088",2022-12-03
315,Ethan Ellison,sellerskristen@example.net,"30360 Jennifer Divide Suite 474 Irwinview, GU 83707",2022-10-25
316,Patricia Dorsey,qsims@example.org,"4249 Brian Row Apt. 376 New Jesseberg, CT 75474",2020-04-14
317,Billy Martinez,sjohnson@example.org,"63049 James Spring Suite 170 South Anne, ID 78910",2024-02-05
318,Mrs. Linda Butler,medinasteven@example.net,"0542 Davis Rest New Lauren, GA 29195",2020-03-06
319,Ashley Harrison,arnoldanthony@example.com,USNV Perez FPO AA 42231,2022-03-18
320,Jared Miller,longmichael@example.com,"86686 Michelle Hill Apt. 744 Lake Nicholas, IL 27021",2022-02-10
321,Tonya Pham,williamsmatthew@example.net,"37048 Fisher Lane Jarvisside, OK 74779",2023-08-11
322,Anne Reynolds,cassandrawood@example.net,"8987 Martinez Fall West Stephaniestad, RI 06145",2020-12-30
323,Jacob King,fordjoseph@example.com,"PSC 1056, Box 3260 APO AA 79383",2022-07-19
324,Amy Bailey,schultzmatthew@example.org,"398 Rebecca Mount South David, SC 79840",2020-07-13
325,Courtney Sutton,craigyang@example.net,"785 Elaine Way Apt. 645 Daltonborough, VT 89216",2022-07-13
326,George Kelly,qgonzalez@example.org,Unit 3338 Box 1078 DPO AA 31313,2020-11-20
327,Jeffrey Lucas,colin71@example.org,"39936 Fernando Coves Emilyland, WI 34456",2022-10-16
328,Michael Fry,krystal35@example.org,USCGC Sandoval FPO AE 02366,2021-09-24
329,Brianna Harrell,warrensheena@example.net,Unit 5928 Box 5808 DPO AA 95419,2021-05-21
330,Joy Smith,kevindean@example.org,"8043 Robbins Forest Suite 244 New Jeremymouth, VI 69619",2022-09-29
331,John Martinez,hernandezandrew@example.com,"PSC 1055, Box 6178 APO AA 96967",2020-12-23
332,Tammy Burch,achavez@example.org,"12919 Fernando Via Apt. 647 Willietown, UT 94024",2021-06-24
333,Ryan Hobbs,xrobles@example.org,"156 David Stream Stephenfort, PW 13969",2020-01-10
334,Shawn Kim,jenna80@example.org,"7819 Brooks Springs Apt. 277 East Amyport, MT 32487",2020-02-01
335,Tyler Little,brian47@example.com,"5708 Moore Spur Apt. 121 Frederickchester, DE 15323",2020-02-02
336,Lisa Peterson,manderson@example.net,"5258 Danielle Valley Apt. 304 New Dawnfurt, LA 53488",2021-01-13
337,Kenneth Baird,sandrasims@example.org,"563 Miller Mill Apt. 143 Port Christie, GA 86869",2021-12-22
338,Kathryn Mcgrath,tbecker@example.org,"81676 Meza Ridges Chambersfurt, TN 57395",2021-11-15
339,Debra Ellis,umurphy@example.com,"303 Teresa Gardens Suite 530 North Brookeland, DE 40491",2021-01-03
340,Christina Mullen,castrokyle@example.net,"1327 Travis Freeway Apt. 925 Davidmouth, VA 20327",2021-06-23
341,Katelyn Allison,ibrown@example.org,"360 Sean Keys Lake Thomas, NH 14962",2022-09-28
342,Teresa Carter,ericflynn@example.com,"5121 Gary Summit Port Lisaside, HI 03285",2023-08-08
343,Melanie Williams,gonzalesnathan@example.com,Unit 7690 Box 2036 DPO AA 35175,2022-05-15
344,David Cunningham,hfranco@example.com,"2522 Jared Prairie Suite 829 West Aaronville, NJ 37108",2024-05-18
345,Melissa Freeman,christineoconnor@example.net,"7197 Abigail Oval Port Danielle, MD 93545",2023-03-27
346,Jackson Thompson,hernandezkayla@example.org,"255 Ortiz Road Jonesburgh, NM 13287",2020-12-28
347,David Smith,jimenezjennifer@example.net,"730 Jody Flat Suite 035 Amytown, OH 30444",2022-08-01
348,Gary Johnson,tannerjohnson@example.org,"5229 Jonathan Prairie Apt. 832 Johnsonfurt, CT 11335",2022-05-09
349,Jacob Jones,yvonneruiz@example.com,"25997 Howe Manor Swansonfurt, NV 76602",2021-01-04
350,Kenneth Owens,krystal06@example.org,"24080 Parker Fort Suite 871 East Amanda, NE 97121",2022-03-22
351,Robert Valdez,othomas@example.org,USNS Hall FPO AP 34533,2021-08-03
352,James Whitaker DDS,pottssarah@example.com,"39386 Washington Mountains Apt. 276 Port Matthewfort, SC 67622",2024-01-21
353,Wesley Oliver,nathanielhoffman@example.net,"819 John Hill Matthewshire, NV 51556",2020-11-27
354,Andrea Campos,anne74@example.com,"2316 Clayton Land Apt. 437 Smithstad, NC 69583",2024-03-31
355,Lisa Davis,warrenrobert@example.org,"43854 Lambert Brook South Cameronborough, ND 24537",2024-07-27
356,Nicole Mills,martin95@example.org,"7287 Johnny Crest Lake Kayla, CA 91186",2024-05-29
357,Timothy Reyes,mdouglas@example.net,"84904 Amanda Forks Apt. 927 Andersonmouth, IA 61355",2024-08-04
358,Julie Morrison,hestercaroline@example.net,"09817 Miller Course Apt. 043 Brandonbury, WY 30652",2024-01-06
359,Dana Williams,cjohnson@example.net,"545 Kristin Land Suite 285 North Wendyhaven, MP 25884",2020-05-09
360,Todd Ortiz,guerreromichael@example.com,"PSC 2426, Box 5992 APO AE 10690",2020-05-06
361,Jackie Torres,uthomas@example.org,"9810 Soto Haven Suite 157 Port Amberberg, CA 94154",2022-06-22
362,Andrea White,joantorres@example.com,"009 Rose Vista Randyborough, OK 31634",2020-10-05
363,Jason Franco,westbrianna@example.org,"424 Martinez Drive Apt. 879 Pamelachester, UT 76330",2024-06-02
364,Carrie Nelson,cmccormick@example.com,"9961 Ward Orchard Duncanville, VI 10956",2022-01-24
365,Dr. Jordan Wright,michaelshah@example.com,"40844 Hayley Rapids Suite 639 Ritachester, GU 95997",2024-01-09
366,Troy Pacheco,ipatel@example.net,"1199 Jay Ridges Nguyentown, VT 81794",2024-06-05
367,Melanie Brown,bayala@example.com,"6741 Danny Pass Apt. 599 New Troyborough, UT 99203",2020-01-03
368,Edwin Mills,iyoung@example.org,Unit 8368 Box 1728 DPO AP 38215,2022-01-31
369,Chelsea Weeks,dongonzales@example.com,"631 Johnson Garden Suite 469 Mandyton, TX 10636",2022-05-20
370,Valerie Hughes,sparksedward@example.com,"9214 Nunez Terrace Apt. 016 Bensonborough, CT 64167",2021-01-29
371,Rodney Perry,aweaver@example.org,"52646 Gonzalez Motorway Ramirezhaven, NH 15901",2022-09-12
372,Megan Miller,sandra80@example.com,"85799 Smith Station Candaceport, RI 85859",2020-12-23
373,Jessica Parker,dfrederick@example.org,"793 Watson Heights Suite 828 East Alishaville, CO 74229",2023-07-12
374,Tyler Phillips,snyderkaren@example.net,"127 Donna Garden Apt. 771 Spencerborough, KY 19538",2024-06-21
375,Trevor Johnson,diazeric@example.com,"61440 Smith Lake Apt. 174 Brandonton, FL 94516",2024-06-20
376,Catherine Gonzales,samanthaking@example.org,"60868 Ashley Passage Apt. 712 New Terri, PA 40098",2023-09-20
377,Michael Young,zevans@example.org,"3711 Moore Mountains Suite 337 Sanchezfurt, HI 36960",2024-07-31
378,Monica Rowe,henrydunn@example.com,"546 David Mission Russellmouth, HI 10793",2022-07-31
379,Timothy Flores,rrogers@example.com,"4274 Travis Pine Apt. 024 New Stephen, AR 76028",2020-11-21
380,Crystal Lara,rojassean@example.com,"13762 Jeffrey Mountain Ashleybury, WA 80246",2023-11-06
381,Christopher Gonzales DDS,joncastro@example.org,"14579 Elizabeth Ports Wandafurt, FM 46552",2023-09-12
382,Michael Stevens,sharon18@example.org,"638 Crawford Ville Suite 098 Medinachester, MI 30858",2024-07-14
383,Roberto Mills,hollowaytrevor@example.org,"61008 Rachel Shoals Apt. 340 North Nataliestad, AR 29762",2023-04-26
384,Connor Jones,penningtoncalvin@example.com,"924 Ramirez Harbors Suite 616 Paulland, NJ 96469",2020-05-08
385,Larry Mullen,reedjennifer@example.org,Unit 2033 Box 0084 DPO AE 79671,2021-02-06
386,Shannon Fitzpatrick,kimjean@example.net,"491 Holmes Common Port Trevor, VA 35130",2023-03-12
387,Debra Collins,andrewortiz@example.com,Unit 0521 Box 1763 DPO AE 55811,2021-03-09
388,Thomas Austin,kevin18@example.com,"179 Harper Squares Apt. 490 Port Christopherchester, NY 88563",2020-09-05
389,Howard Graham,abeasley@example.com,"63689 Macias Views Lake Kevin, NC 24681",2021-08-13
390,Todd Patrick,nathanielsmith@example.net,"49444 Wesley Shores New Gregory, ID 50217",2024-02-04
391,Wendy Cook,navarrosean@example.org,"7378 Gordon Flats Suite 831 East Richardhaven, ID 48137",2021-04-13
392,Lori Cain,bwang@example.net,"PSC 7056, Box 9279 APO AP 57240",2021-09-02
393,Michael Reyes,ronald09@example.net,"7358 Mitchell Drive Suite 871 Lake Chaseberg, NC 94009",2020-01-26
394,Benjamin Lewis,chandlercharles@example.org,"61055 Drew Pine Amandachester, NH 51395",2022-02-01
395,Jason Chavez,joseph54@example.net,"977 Samuel Spur Apt. 921 Hillport, MI 17389",2022-09-12
396,Teresa Peters,donnaarmstrong@example.org,USCGC Barnes FPO AA 06397,2022-10-23
397,Jessica Barr,robinsonrobert@example.org,"1235 Angel Centers Richardshire, VT 39086",2021-09-12
398,Stephanie Jones,nicholereese@example.com,"6703 Theresa Glens Suite 862 Davidland, AK 46506",2023-04-01
399,Rhonda Henderson,manderson@example.net,"544 Owens Brook Apt. 581 Lake Adam, PA 83865",2020-01-08
400,Robert Lewis,johnsonaustin@example.org,"2960 Dixon Mission Christineberg, NM 13919",2023-08-09
401,Gregory Obrien,williammarshall@example.com,"135 Megan Ways Suite 903 Brendanside, KY 40153",2022-08-13
402,Alexander Ruiz,uwilson@example.net,"03368 Nicole Forest Halltown, AK 18004",2021-08-27
403,Jessica Jones,lopezwhitney@example.org,"58309 Samantha Lodge New Dianafurt, PW 17952",2023-11-11
404,Heather Ramsey,christina80@example.com,"308 Soto Crescent Apt. 639 East Jeffreyview, NY 70248",2020-02-15
405,Carlos Velazquez,tjohnson@example.com,"6326 Judy Road Suite 974 New Connieberg, ND 65908",2024-08-29
406,Sylvia Lambert,santostammy@example.org,"29122 Brown Trafficway West Heather, AS 06401",2022-05-07
407,Lawrence Melendez,frazierchristopher@example.org,USS Gray FPO AE 32582,2023-09-27
408,George Ward,lopezvictoria@example.com,"90904 Keller Trace Apt. 573 Davidmouth, AS 98966",2021-11-23
409,Terri Barrett,alexander69@example.net,"61466 Chavez Mill South Jeffrey, OR 69036",2023-04-22
410,Richard Norman,mrivas@example.com,"3732 Torres Island Bairdville, CO 12133",2022-09-26
411,James Thomas,ashleyhall@example.com,"66211 Jordan Oval East Gavin, MS 72859",2020-12-26
412,Michelle Williams,whiteholly@example.net,"30819 Little Corner Apt. 684 Kimberlyport, NJ 26503",2023-06-17
413,Antonio Grant,dtaylor@example.net,"245 Adrian Streets Johnsonbury, ID 27916",2020-07-26
414,Susan Dunn,carmenmorris@example.com,"6959 Taylor Shoal Suite 466 West Robert, HI 00677",2021-08-03
415,Kendra Stevens,kaitlin81@example.com,"91977 Jessica Land Port Christopher, KS 34112",2021-06-26
416,Joseph Hicks,ashleyrobertson@example.org,"1503 Susan Radial Apt. 138 Port Ryanside, RI 99026",2021-06-27
417,Anthony Ferguson,kristen31@example.com,"406 Roberts Skyway Apt. 559 Jamesfort, PR 51800",2021-10-24
418,Jennifer Vasquez,bkhan@example.com,"849 Ricardo Trafficway Amandabury, VT 28326",2020-11-05
419,David Gilbert PhD,dwolf@example.com,Unit 9539 Box 1977 DPO AP 78385,2020-05-03
420,Ashley Cunningham,mary75@example.com,"96601 Villegas Mission Lake Rhondaside, AL 14216",2023-08-01
421,Anthony Harrison,bautistamarilyn@example.com,"9471 Collins Lane East Stevenfurt, ND 57429",2020-06-26
422,Bradley Cox,patricia02@example.com,"43637 Sherry Junctions Lake Mariohaven, PR 91326",2020-02-22
423,Todd Patton,jacob16@example.com,"005 Hudson Forge Nicholsonberg, KS 64164",2020-03-08
424,Michael Franklin,millersara@example.com,"0636 Mills Coves Suite 780 Kevinhaven, WI 18532",2021-06-01
425,Chloe Marquez,joselopez@example.net,"52477 Robert Spring Elijahmouth, PR 73073",2021-01-10
426,Sarah Camacho,kevin99@example.net,"73097 Taylor Gateway Suite 680 East Sherry, NH 96304",2024-04-20
427,Samuel Stokes,alicia80@example.com,"87654 Thompson Bridge East Steven, ND 05155",2022-12-26
428,Anthony Owen,devin07@example.com,Unit 8487 Box 8586 DPO AP 71452,2022-03-31
429,Alyssa Robinson MD,angelica46@example.com,"9648 Elizabeth Greens Suite 700 Lake Tommy, WI 41183",2024-02-26
430,John Mcconnell,torresvickie@example.com,"513 Taylor Bypass Suite 669 Danielchester, ID 20714",2022-07-30
431,Maria Wilcox,ryan54@example.org,"5509 Mayer Track Lisatown, GU 24512",2021-11-09
432,Michelle Hale,allensandra@example.org,"88515 Wendy Manors Suite 237 Estradamouth, OR 92056",2020-06-23
433,Jerome Brown II,davistroy@example.net,"26138 Reynolds Flat North Kim, PA 84537",2021-11-21
434,Christopher Chandler,lbailey@example.com,"5237 Orr Pines New Julia, KS 11300",2024-06-16
435,Shelby Sanchez,ryanelizabeth@example.net,"6448 Aaron Tunnel Apt. 091 Maxwellstad, FM 50030",2022-04-10
436,Richard Bradley,amy83@example.com,"2842 Ward Fork South Calebmouth, NH 70142",2021-08-31
437,Daniel Hurley,franklinpamela@example.com,"33025 Novak Track Apt. 622 West Lisa, KY 99552",2023-05-27
438,Ashley Graves,denise05@example.com,"375 Angela Crest West Lisaland, ME 19775",2022-02-04
439,Jason Martinez,nancy10@example.org,"506 Charles Flats Lake Angela, CA 25353",2021-12-07
440,Jenna Caldwell,johnsonashley@example.com,"0039 Mcfarland Stream South Sarahmouth, TX 40415",2022-11-13
441,Michaela Morales,david40@example.net,"5676 Pierce Valley Smithborough, DE 44810",2024-08-09
442,Scott Hardy,jonesjohnny@example.net,"5409 Bryant Parks Howellmouth, CT 61814",2021-06-03
443,Sharon Burch,timothyburke@example.com,"04131 Mary Track Apt. 622 New Jenniferport, OK 11351",2021-05-05
444,Stacey Taylor,bwalker@example.org,"17381 Green Ridge Shellyhaven, MH 40296",2020-02-06
445,James Martin,andreawilson@example.org,"045 Stephanie Road Brandishire, PW 03967",2021-03-15
446,Richard Lopez,gilmorecrystal@example.com,"91563 Marie Coves Thomastown, MH 45581",2021-08-16
447,Billy Hines,calvin56@example.org,"0001 Moore Parkway Lake Nicholaston, TN 50825",2022-02-21
448,Jonathan Vega,dbarrett@example.org,"5145 Lowe Plains Suite 019 Timothyborough, CO 21778",2024-03-31
449,Cheryl Robinson,amy55@example.com,"97426 John Underpass Suite 491 Mooreside, RI 80995",2024-05-05
450,Gregory Gross,kelleymichelle@example.com,"8143 Michael Mission Smithshire, MN 55015",2023-01-18
451,Edwin Montgomery,james86@example.org,"37540 Stevenson Path Reyesburgh, IL 95887",2022-09-05
452,Tanya Hill,csmith@example.com,"522 Cory River Suite 490 Gonzalezville, KS 18746",2020-04-26
453,Rachael Freeman,david57@example.org,"718 Jacqueline Flat Suite 969 Lake Jamesside, IN 87000",2022-09-05
454,Gregory Beck,dunncharles@example.net,Unit 6512 Box 9722 DPO AP 09800,2024-06-12
455,Stacie Morgan,marcus42@example.net,"041 Keller Parks Port Corey, AS 13039",2022-06-15
456,Daniel Mcknight,jonesjacqueline@example.org,"841 Mark Garden Tuckerfort, SC 58255",2022-07-23
457,John Kim,josephramirez@example.org,"48351 Hansen View Suite 232 Mistyton, TX 82474",2023-11-27
458,Daniel Schneider,matthew61@example.net,"496 Arthur Ridges Apt. 381 New Tammyside, DE 64529",2023-02-18
459,Jessica Richmond,rhondaalvarez@example.com,"001 Robert Lodge Suite 226 East Justinfurt, GU 08044",2023-07-19
460,Christopher English,anthony24@example.net,"PSC 1795, Box 2724 APO AE 78954",2021-11-25
461,Brenda Perez,brittany12@example.com,"2756 Blake Orchard Destinyview, AR 46677",2020-10-30
462,Allen Adams,stephaniebarry@example.com,"225 Justin Ranch Suite 862 North Amandastad, MI 24328",2020-05-08
463,Stephen Mack,cristinastewart@example.com,"6188 Lucas Drives West Timothyborough, WY 99820",2021-09-29
464,Marilyn Carter,aharmon@example.com,"973 Stevens Station Suite 773 Wallton, VA 26591",2024-03-20
465,Ryan Anderson,sheltonsamuel@example.net,"0225 Hess Forges Suite 762 Nathanmouth, SC 81106",2022-10-28
466,Dylan Washington,adunn@example.org,"61170 Claudia Run Suite 437 West Patriciabury, FM 57149",2020-09-13
467,Leslie Garza,jennifer15@example.org,"6343 Lawson Bypass Deanmouth, DC 04719",2023-01-02
468,Nicholas Jones,nsmith@example.com,Unit 8508 Box 0727 DPO AA 30675,2022-06-26
469,Taylor Kent,jameshenderson@example.org,"394 Leonard Lights Suite 463 Campbellton, VI 51270",2022-03-15
470,Tiffany Harris,elainehoffman@example.org,"339 Joseph Divide Andrewside, FL 96142",2022-02-08
471,Anthony Vega,michael92@example.com,"6254 Haney Inlet Apt. 893 Lake Heatherchester, DC 40391",2022-03-05
472,Keith Callahan,theresa36@example.net,USNS Morales FPO AP 41741,2021-04-15
473,Jenna Arnold,michael24@example.com,"450 Kendra Parkways West Annettemouth, MP 47019",2020-12-26
474,Calvin Alvarado,harrisryan@example.org,"10221 Hampton Center Brittanybury, MN 85495",2024-06-26
475,Andrew Moreno,ronald65@example.org,"3594 Thompson Turnpike Collinsfort, GA 15765",2022-11-22
476,David Waters,thomasshaw@example.com,"63875 Patricia Ways Suite 715 Danielhaven, MD 66037",2023-03-09
477,Ashley Rice,mrobinson@example.com,"61896 Brian Fall Apt. 502 West Kimberly, AK 72475",2021-01-03
478,Deborah Allen,gjohnson@example.net,"119 Dana Rue Apt. 457 Jillhaven, SC 04417",2022-02-26
479,Andrew Sanders,jenniferwagner@example.org,"4262 Murray Burg Suite 093 Allisonton, OH 47026",2024-04-27
480,Amanda Le,jeffrey72@example.com,"70398 Griffin Stream Apt. 044 Nicholeberg, ID 29169",2020-06-24
481,Michael Hodge,anthony39@example.org,"0969 Hall Burg Suite 961 Juliastad, UT 48129",2020-05-24
482,Jeremy Jimenez,kimberlythomas@example.com,"5749 Reynolds Skyway Suite 345 Oneillburgh, IA 30336",2021-06-23
483,Gary Summers,megan81@example.net,"79655 Huffman Ports Apt. 853 North Meganborough, NC 46814",2022-07-14
484,Justin Campbell,johnwhitaker@example.net,"7449 Nicholas Ford New Joshua, CT 90977",2020-04-15
485,Christopher Campos,colleen12@example.com,"352 Bowen Drives Apt. 708 Martinmouth, OK 81507",2021-10-10
486,Kevin Pineda,qnguyen@example.org,Unit 2276 Box 7824 DPO AP 68874,2021-10-22
487,Kristine Trevino,rachel34@example.org,"64961 Price Green Apt. 417 Port Erin, LA 55500",2020-12-31
488,Jason Solis,michelle83@example.net,"61483 Liu Highway West Michelleport, MT 47587",2023-10-11
489,Michael Gordon,vmills@example.net,"41629 Navarro Row Freemanborough, PA 52114",2024-08-26
490,Andrew Carney,lacey16@example.com,"092 Melinda Grove Apt. 867 New Emily, FL 81808",2023-09-05
491,James Wood,williamspatrick@example.org,"3389 Candace Glen Apt. 341 North Angela, NM 68163",2021-12-28
492,Jason Williamson,allendennis@example.org,"3287 Jeffrey Branch Apt. 343 East Megan, AS 86803",2021-10-29
493,Tonya Andrews,qlopez@example.org,"80060 Ross Loop Suite 485 Fryemouth, ND 99513",2022-08-23
494,Alan Garza,jonesamanda@example.com,"71660 Thompson Greens Port Matthew, RI 94741",2024-01-13
495,Michelle Harris,lisahowell@example.org,"16968 Dunn Villages Apt. 524 Camachoview, CO 03629",2021-04-02
496,Gina Jackson,wilsondaniel@example.org,"610 Peter Loaf Apt. 097 Dianeland, MH 29178",2020-06-13
497,Haley Brown,jkemp@example.net,"1374 Stephen Shores Apt. 061 Whiteport, AZ 12420",2021-03-27
498,Angela Green,hannah34@example.org,"17393 Laurie Walk Suite 051 Washingtonmouth, NM 51181",2020-08-19
499,Jacqueline Flores,nparsons@example.net,"718 Tina Throughway East James, NJ 63136",2024-03-10
500,Charles Hodges,elizabethpalmer@example.net,"9908 Peter Gardens Apt. 995 Lake Sarahhaven, IA 78355",2024-04-28
